"date" "temperatureMean" "pressureMean" "windMean" "rainMean" "humidityMean"
"1" 2014-05-27 10.1111111111111 634.125 1.22222222222222 0.222222222222222 50.375
"2" 2014-05-28 13 1014.53846153846 1.53846153846154 0.0769230769230769 80.5384615384615
"3" 2014-05-29 16.4285714285714 1014.42857142857 1.57142857142857 0 71.2857142857143
"4" 2014-05-30 12.7647058823529 1018.70588235294 1.41176470588235 0.0588235294117647 88.6470588235294
"5" 2014-05-31 9.76923076923077 1019.92307692308 1.46153846153846 0 82.3076923076923
"6" 2014-06-01 14.8 1018.8 2 0 61.2
"7" 2014-06-04 14.3125 999.229166666667 2.35416666666667 0 84.2083333333333
"8" 2014-06-05 14.2234042553191 1015.78723404255 1.4468085106383 0 79.4255319148936
"9" 2014-06-06 18.1390728476821 1016.76821192053 1.47019867549669 0 70.3509933774834
"10" 2014-06-07 21.8 1017.33333333333 1.60666666666667 0.0533333333333333 70.7066666666667
"11" 2014-06-08 23.9791666666667 1019.00694444444 1.44444444444444 0 67.3819444444444
"12" 2014-06-09 25.6304347826087 1017.80434782609 2.00724637681159 0 60.9275362318841
"13" 2014-06-10 24.9130434782609 1018.89855072464 2.33333333333333 0 45.0797101449275
"14" 2014-06-11 21.25 1022.77777777778 2.08333333333333 0 74.9583333333333
"15" 2014-06-12 21.3636363636364 1023.59090909091 1.18181818181818 0 86.1818181818182
"16" 2014-06-13 17 1018 2 0 82
"17" 2014-06-14 18.0333333333333 1016.76666666667 2.1 0 77.4
"18" 2014-06-15 17.4230769230769 1016.69230769231 3.19230769230769 0 61.9230769230769
"19" 2014-06-16 21.2666666666667 1015.86666666667 2.46666666666667 0 53
"20" 2014-06-17 18.1666666666667 1016.28571428571 2.61904761904762 0 62.8095238095238
"21" 2014-06-18 18.1111111111111 1016.51111111111 2.53333333333333 0 67.4222222222222
"22" 2014-06-19 18.2045454545455 1017.40909090909 1.70454545454545 0 64.9318181818182
"23" 2014-06-20 18.1739130434783 1016.54347826087 1.93478260869565 0 65.3478260869565
"24" 2014-06-21 18.8387096774194 1016.79032258065 1.69354838709677 0 67.0322580645161
"25" 2014-06-22 19.2539682539683 1017.87301587302 1.3968253968254 0 72.5873015873016
"26" 2014-06-23 18.6491228070175 1018.70175438596 1.45614035087719 0 67.9649122807018
"27" 2014-06-24 17.1454545454545 1015.89090909091 1.56363636363636 0 87.8
"28" 2014-06-25 16.5625 1011.53125 1.453125 0 79.875
"29" 2014-06-26 16.859375 1013.734375 1.84375 0 71.140625
"30" 2014-06-27 19.0689655172414 1016 1.6551724137931 0 61.3965517241379
"31" 2014-06-28 19.7903225806452 1014.46774193548 1.58064516129032 0 67.2096774193548
"32" 2014-06-29 16.0625 1012.109375 1.921875 0 90.515625
"33" 2014-06-30 14.1470588235294 1012.66176470588 2.04411764705882 0 78.7941176470588
"34" 2014-07-01 14.8550724637681 1017.33333333333 1.60869565217391 0 73.2173913043478
"35" 2014-07-02 15.4666666666667 1020.41666666667 1.35 0 87.4166666666667
"36" 2014-07-03 17.125 1024.95833333333 1.45833333333333 0 72.7708333333333
"37" 2014-07-04 19.4285714285714 1012.34693877551 1.3469387755102 0 75.8571428571429
"38" 2014-07-05 18.7230769230769 1013.29230769231 2.24615384615385 0 81.4615384615385
"39" 2014-07-06 21.4666666666667 1009.36666666667 1.58333333333333 0 73.0333333333333
"40" 2014-07-07 19.3384615384615 1012.4 2.49230769230769 0 79.7384615384615
"41" 2014-07-08 14.9852941176471 1012.85294117647 3.22058823529412 0 85.7352941176471
"42" 2014-07-09 13.0833333333333 1012.85416666667 2.85416666666667 0 82.4791666666667
"43" 2014-07-10 12.0816326530612 1000.08163265306 1.69387755102041 0 91.5918367346939
"44" 2014-07-11 16.375 1012.77083333333 1.89583333333333 0 95.9375
"45" 2014-07-12 17.6415094339623 1013.47169811321 1.64150943396226 0 87.8867924528302
"46" 2014-07-13 17.7391304347826 1013.21739130435 1.78260869565217 0 81.0652173913043
"47" 2014-07-17 25.3333333333333 1019.44444444444 1.66666666666667 0 70.5555555555556
"48" 2014-07-18 19.3571428571429 1018.28571428571 1.35714285714286 0 80.5
"49" 2014-07-19 24 1014.05555555556 1.27777777777778 0 74.8333333333333
"50" 2014-07-20 23.1818181818182 1011.54545454545 1.45454545454545 0 80.5454545454545
"51" 2014-07-21 16.8636363636364 1013.59090909091 1.5 0 98.5454545454545
"52" 2014-07-22 17.5454545454545 1013.59090909091 1.68181818181818 0 99
"53" 2014-07-23 20.9333333333333 1013.7 2.6 0 87.4
"54" 2014-07-24 20.2 1011.51428571429 1.85714285714286 0 80.9428571428571
"55" 2014-07-25 20.4117647058824 1012.64705882353 1.11764705882353 0 79.6764705882353
"56" 2014-07-26 17.5227272727273 1013.56818181818 1.25 0 88.75
"57" 2014-07-27 17.5333333333333 1017 1.24444444444444 0 90.0888888888889
"58" 2014-07-28 19.8536585365854 1011.75609756098 1.95121951219512 0 90.6829268292683
"59" 2014-07-29 16.4791666666667 1010.4375 1.89583333333333 0 87.3333333333333
"60" 2014-07-30 17.1739130434783 1011.60869565217 1.41304347826087 0 90.5
"61" 2014-07-31 20.5681818181818 1015.5 2.04545454545455 0 79.9545454545455
"62" 2014-08-01 18.3404255319149 965 1.42553191489362 0 88.8510638297872
"63" 2014-08-02 19.8260869565217 995.913043478261 1.67391304347826 0 80.3695652173913
"64" 2014-08-03 18.25 1013.4375 2.02083333333333 0 88.9583333333333
"65" 2014-08-04 18.7441860465116 1016.95348837209 1.65116279069767 0 81.1395348837209
"66" 2014-08-05 19.1489361702128 1019.51063829787 1.68085106382979 0 74.063829787234
"67" 2014-08-06 18.5208333333333 1018.41666666667 1.25 0 72.6875
"68" 2014-08-07 19.25 1016.64583333333 1.5 0 74.125
"69" 2014-08-08 20.4166666666667 1015.0625 1.1875 0 74.75
"70" 2014-08-09 20.3191489361702 1014.48936170213 1.78723404255319 0 71.6382978723404
"71" 2014-08-10 19.875 1012.5 1.925 0 84.775
"72" 2014-08-11 16.7659574468085 1015.97872340426 2.02127659574468 0 86.6382978723404
"73" 2014-08-12 17.7916666666667 1016.45833333333 1.29166666666667 0 70.1666666666667
"74" 2014-08-13 16.3958333333333 1009.25 2.875 0 82.75
"75" 2014-08-14 15.7291666666667 1015.22916666667 2.0625 0 72.9166666666667
"76" 2014-08-15 13.9375 1016.79166666667 2.10416666666667 0 83.9375
"77" 2014-08-16 13.1458333333333 1001.29166666667 1.8125 0 89.0208333333333
"78" 2014-08-17 13.8958333333333 1007.47916666667 1.875 0 75.0208333333333
"79" 2014-08-18 15.9791666666667 1004.85416666667 2.95833333333333 0 76.6458333333333
"80" 2014-08-19 15.7450980392157 1007.19607843137 2.09803921568627 0 79.4117647058823
"81" 2014-08-20 15.625 1016.89583333333 4.97916666666667 0 68.3958333333333
"82" 2014-08-21 15.0416666666667 1018.29166666667 5.58333333333333 0.0208333333333333 69.4166666666667
"83" 2014-08-22 14.246875 1017.39375 6.46875 0 69.40625
"84" 2014-08-23 14.4265306122449 1017.38367346939 6.75510204081633 0.0102040816326531 71.2244897959184
"85" 2014-08-24 13.6617021276596 1021.0085106383 6.53191489361702 0.0574468085106383 69.5744680851064
"86" 2014-08-25 13.2833333333333 1018.16458333333 4.375 0.00208333333333333 74.7708333333333
"87" 2014-08-26 15.0791666666667 1010.93333333333 5.5625 0.06875 91.75
"88" 2014-08-27 16.8979166666667 1015.94166666667 7.04166666666667 0.0645833333333333 78.3333333333333
"89" 2014-08-28 17.863829787234 1018.83404255319 3.87234042553191 0.00425531914893617 76.3829787234042
"90" 2014-08-29 17.8645833333333 1019.2125 4.16666666666667 0.0916666666666667 85.0625
"91" 2014-08-30 17.8604166666667 1020.38333333333 3.66666666666667 0.0125 82.1041666666667
"92" 2014-08-31 15.10625 1017.95625 5.54166666666667 0.1375 84.125
"93" 2014-09-01 13.20625 1020.32291666667 5.52083333333333 0.025 80.5833333333333
"94" 2014-09-02 13.8688888888889 1020.86888888889 7.02222222222222 0 72.2888888888889
"95" 2014-09-03 15.31875 1017.93333333333 8.04166666666667 0 77.375
"96" 2014-09-04 17.0875 1016.94791666667 3.0625 0 80.1666666666667
"97" 2014-09-05 17.80625 1016.2875 2.54166666666667 0.00208333333333333 84.4791666666667
"98" 2014-09-06 18.4583333333333 1014.60416666667 3.35416666666667 0 75.4166666666667
"99" 2014-09-07 18.6808510638298 1015.16595744681 3.08510638297872 0 75.9574468085106
"100" 2014-09-08 19.3893617021277 1016.77659574468 3.17021276595745 0 77.2553191489362
"101" 2014-09-09 18.5297872340426 1017.8829787234 4.19148936170213 0.0170212765957447 84.1489361702128
"102" 2014-09-10 17.1510638297872 1016.18085106383 4.8936170212766 0 83.1489361702128
"103" 2014-09-11 14.5 1015.34791666667 7.22916666666667 0.0145833333333333 78.2916666666667
"104" 2014-09-12 12.2833333333333 1018.1375 6.375 0.0145833333333333 83.2083333333333
"105" 2014-09-13 13.8083333333333 1020.68125 3.97916666666667 0 84.1041666666667
"106" 2014-09-14 14.9708333333333 1018.20416666667 4.3125 0 81.125
"107" 2014-09-15 16.0914893617021 1016.29574468085 4.25531914893617 0 82.0425531914894
"108" 2014-09-16 17.2145833333333 1015.75625 3.6875 0 79.625
"109" 2014-09-17 17.5340425531915 1013.3829787234 3.23404255319149 0 80.0425531914894
"110" 2014-09-18 17.5479166666667 1013.53958333333 3.97916666666667 0 77.75
"111" 2014-09-19 18.6395833333333 1015.59166666667 4.25 0 76.4791666666667
"112" 2014-09-20 18.8333333333333 1017.42708333333 5.0625 0.00208333333333333 80.9375
"113" 2014-09-21 15.8708333333333 1017.95208333333 6.35416666666667 0.09375 89.7291666666667
"114" 2014-09-22 12.6833333333333 1020.36666666667 6.35416666666667 0.120833333333333 77.7916666666667
"115" 2014-09-23 11.0468085106383 1019.6 6.29787234042553 0 73.7021276595745
"116" 2014-09-24 12.5854166666667 1015.74583333333 4.85416666666667 0.05 81.0208333333333
"117" 2014-09-25 11.7166666666667 1021.04166666667 7.125 0.05 85.5625
"118" 2014-09-26 11.55625 1026.01875 4.16666666666667 0 78.8333333333333
"119" 2014-09-27 13.7829787234043 1027.09574468085 3.72340425531915 0 78.6382978723404
"120" 2014-09-28 14.86875 1026.45625 3.125 0 85.0208333333333
"121" 2014-09-29 16.0020833333333 1026.42916666667 3.33333333333333 0 77.7916666666667
"122" 2014-09-30 15.7333333333333 1027.09166666667 2.08333333333333 0.0208333333333333 89.9583333333333
"123" 2014-10-01 15.2854166666667 1027.16875 2.0625 0.0541666666666667 93.1666666666667
"124" 2014-10-02 14.9479166666667 1027.47291666667 4.8125 0 85.1666666666667
"125" 2014-10-03 14.2833333333333 1024.62083333333 4.41666666666667 0 87.3333333333333
"126" 2014-10-04 13.125 1019.03958333333 5 0 87.5625
"127" 2014-10-05 14.7083333333333 1016.12083333333 5.10416666666667 0.0875 85.7083333333333
"128" 2014-10-06 13.3979166666667 1013.47083333333 5.25 0 86.9375
"129" 2014-10-07 14.3666666666667 1011.48541666667 4.9375 0 80.4166666666667
"130" 2014-10-08 15.0729166666667 1012.87291666667 2.60416666666667 0.0125 86.7291666666667
"131" 2014-10-09 16.6354166666667 1011.8375 6.375 0 74.1458333333333
"132" 2014-10-10 16.1979166666667 1015.7 2.9375 0 82.9791666666667
"133" 2014-10-11 15.8340425531915 1015.56595744681 3.57446808510638 0.00212765957446809 86.7872340425532
"134" 2014-10-12 14.5770833333333 1013.20625 2.91666666666667 0 88.5208333333333
"135" 2014-10-13 13.9702127659574 1011.05957446809 7.14893617021277 0.0765957446808511 91.3617021276596
"136" 2014-10-14 13.4 1011.45833333333 4.52083333333333 0.0166666666666667 79.9791666666667
"137" 2014-10-15 14.36875 1010.42291666667 3.85416666666667 0.0333333333333333 83.375
"138" 2014-10-16 13.7729166666667 1012.02708333333 3.97916666666667 0.00625 88.5625
"139" 2014-10-17 14.7708333333333 1016.13333333333 6.85416666666667 0.0166666666666667 87.3541666666667
"140" 2014-10-18 13.4416666666667 1022.81041666667 1.77083333333333 0 86.5625
"141" 2014-10-19 14.3125 1024.12916666667 2.9375 0 81.1458333333333
"142" 2014-10-20 15.4978260869565 1021.45652173913 3.80434782608696 0.0239130434782609 75.1086956521739
"143" 2014-10-21 14.4791666666667 1014.89583333333 14.1041666666667 0.204166666666667 80.7083333333333
"144" 2014-10-22 5.65909090909091 1020.81590909091 22.0909090909091 0.0568181818181818 79.1818181818182
"145" 2014-10-23 7.30425531914894 1024.90638297872 13.1276595744681 0.0191489361702128 74.2978723404255
"146" 2014-10-24 6.23958333333333 1021.90833333333 3.52083333333333 0 80.6041666666667
"147" 2014-10-25 8.69583333333333 1021.38541666667 2.20833333333333 0.0104166666666667 87.5416666666667
"148" 2014-10-26 11.1663265306122 1025.19693877551 2.61224489795918 0 87.2244897959184
"149" 2014-10-27 9.27708333333333 1024.9125 4.10416666666667 0 86.6458333333333
"150" 2014-10-28 9.85957446808511 1020.50425531915 4.48936170212766 0 80.2340425531915
"151" 2014-10-29 9.3875 1019.84375 3.70833333333333 0 81.1666666666667
"152" 2014-10-30 9.54375 1024.8 2.52083333333333 0 79.2291666666667
"153" 2014-10-31 9.09166666666667 1026.24791666667 1.08333333333333 0 86.4791666666667
"154" 2014-11-01 9.0375 1024.11458333333 0.854166666666667 0 91.2083333333333
"155" 2014-11-02 9.55111111111111 1019.86666666667 1.91111111111111 0 83.5555555555556
"156" 2014-11-09 6.97142857142857 1009.20952380952 3.9047619047619 0 88.6190476190476
"157" 2014-11-10 7.04166666666667 1012.76458333333 2.79166666666667 0 90.8333333333333
"158" 2014-11-11 7.07291666666667 1007.07916666667 5.04166666666667 0 92.2708333333333
"159" 2014-11-12 7.7375 1005.55625 4.27083333333333 0.0895833333333333 92.25
"160" 2014-11-13 9.03958333333333 1012.11875 2.95833333333333 0.0520833333333333 90.125
"161" 2014-11-14 5.7875 1011.45625 4.25 0 92.375
"162" 2014-12-05 3.0375 1017.6625 3.5625 0.00625 92.3125
"163" 2014-12-06 3.13333333333333 1019.39375 8.02083333333333 0 87.3541666666667
"164" 2014-12-07 3.53541666666667 1021.475 7.89583333333333 0.00416666666666667 86.4166666666667
"165" 2014-12-08 3.16170212765957 1020.33404255319 3.76595744680851 0.0425531914893617 89.5106382978723
"166" 2014-12-09 2.18510638297872 1024.69361702128 4.76595744680851 0 87.2553191489362
"167" 2014-12-10 1.2063829787234 1025.72340425532 3.36170212765957 0.00638297872340426 83.8723404255319
"168" 2014-12-11 5.11739130434783 1020.44782608696 11.804347826087 0.00652173913043478 74.6304347826087
"169" 2014-12-12 3.41538461538462 1018.9 8.84615384615385 0 73
